# Job started on: Fri Jan 20 18:05:50 CET 2017 .....................................................................................................................................................................................
# FONLL heavy quark hadroproduction cross section, calculated on Fri Jan 20 18:35:52 CET 2017
# FONLL version and perturbative order: ## FONLL v1.3.2 fonll [ds/dpt^2dy (pb/GeV^2)]
# quark = bottom
# final state = J/psi from a single B. NP params (cm,lm,hm) = 24.2, 26.7, 22.2
# BR(q->meson) = 1
# BR(B->J/psi) = 0.0116
# ebeam1 = 2515, ebeam2 = 2515
# PDF set = CTEQ6.6
# ptmin = 5
# ptmax = 60
# ymin  = -2.4
# ymax  = 2.4
# Uncertainties from scales, masses, PDFs combined quadratically
# cross section is ds/dpt (pb/GeV)
# pt      central      min       max       min_sc     max_sc     min_mass   max_mass     min_pdf    max_pdf
   5.0000 1.0919e+05 7.8884e+04 1.5548e+05 8.2348e+04 1.5289e+05 9.8206e+04 1.2168e+05 1.0040e+05 1.1797e+05
   5.1375 1.0206e+05 7.3886e+04 1.4512e+05 7.7024e+04 1.4280e+05 9.1988e+04 1.1342e+05 9.3960e+04 1.1015e+05
   5.2750 9.5398e+04 6.9201e+04 1.3539e+05 7.2048e+04 1.3328e+05 8.6165e+04 1.0580e+05 8.7928e+04 1.0287e+05
   5.4125 8.9192e+04 6.4836e+04 1.2637e+05 6.7419e+04 1.2447e+05 8.0724e+04 9.8716e+04 8.2302e+04 9.6083e+04
   5.5500 8.3416e+04 6.0758e+04 1.1796e+05 6.3104e+04 1.1623e+05 7.5644e+04 9.2127e+04 7.7059e+04 8.9772e+04
   5.6875 7.8033e+04 5.6940e+04 1.1021e+05 5.9079e+04 1.0865e+05 7.0888e+04 8.6014e+04 7.2152e+04 8.3903e+04
   5.8250 7.3010e+04 5.3393e+04 1.0296e+05 5.5332e+04 1.0154e+05 6.6456e+04 8.0342e+04 6.7593e+04 7.8439e+04
   5.9625 6.8347e+04 5.0069e+04 9.6218e+04 5.1840e+04 9.4923e+04 6.2315e+04 7.5075e+04 6.3324e+04 7.3370e+04
   6.1000 6.3997e+04 4.6980e+04 8.9955e+04 4.8592e+04 8.8775e+04 5.8452e+04 7.0180e+04 5.9357e+04 6.8649e+04
   6.2375 5.9960e+04 4.4088e+04 8.4115e+04 4.5565e+04 8.3044e+04 5.4845e+04 6.5633e+04 5.5657e+04 6.4252e+04
   6.3750 5.6190e+04 4.1400e+04 7.8700e+04 4.2746e+04 7.7720e+04 5.1481e+04 6.1410e+04 5.2212e+04 6.0181e+04
   6.5125 5.2687e+04 3.8880e+04 7.3660e+04 4.0113e+04 7.2767e+04 4.8337e+04 5.7490e+04 4.8998e+04 5.6376e+04
   6.6500 4.9428e+04 3.6544e+04 6.8978e+04 3.7677e+04 6.8162e+04 4.5414e+04 5.3847e+04 4.5994e+04 5.2850e+04
   6.7875 4.6388e+04 3.4355e+04 6.4628e+04 3.5392e+04 6.3881e+04 4.2676e+04 5.0460e+04 4.3210e+04 4.9567e+04
   6.9250 4.3546e+04 3.2321e+04 6.0568e+04 3.3269e+04 5.9879e+04 4.0124e+04 4.7316e+04 4.0600e+04 4.6504e+04
   7.0625 4.0913e+04 3.0412e+04 5.6799e+04 3.1285e+04 5.6167e+04 3.7746e+04 4.4393e+04 3.8164e+04 4.3662e+04
   7.2000 3.8454e+04 2.8627e+04 5.3289e+04 2.9429e+04 5.2710e+04 3.5519e+04 4.1667e+04 3.5902e+04 4.1006e+04
   7.3375 3.6157e+04 2.6960e+04 5.0018e+04 2.7701e+04 4.9486e+04 3.3431e+04 3.9127e+04 3.3779e+04 3.8535e+04
   7.4750 3.4011e+04 2.5419e+04 4.6974e+04 2.6100e+04 4.6481e+04 3.1494e+04 3.6772e+04 3.1796e+04 3.6227e+04
   7.6125 3.2016e+04 2.3962e+04 4.4139e+04 2.4592e+04 4.3686e+04 2.9673e+04 3.4568e+04 2.9951e+04 3.4081e+04
   7.7500 3.0148e+04 2.2597e+04 4.1494e+04 2.3177e+04 4.1076e+04 2.7979e+04 3.2515e+04 2.8223e+04 3.2074e+04
   7.8875 2.8408e+04 2.1330e+04 3.9025e+04 2.1866e+04 3.8640e+04 2.6390e+04 3.0601e+04 2.6610e+04 3.0206e+04
   8.0250 2.6784e+04 2.0139e+04 3.6720e+04 2.0636e+04 3.6366e+04 2.4905e+04 2.8814e+04 2.5102e+04 2.8455e+04
   8.1625 2.5253e+04 1.9031e+04 3.4574e+04 1.9488e+04 3.4243e+04 2.3513e+04 2.7144e+04 2.3687e+04 2.6831e+04
   8.3000 2.3838e+04 1.7980e+04 3.2563e+04 1.8409e+04 3.2260e+04 2.2202e+04 2.5590e+04 2.2365e+04 2.5300e+04
   8.4375 2.2504e+04 1.7003e+04 3.0698e+04 1.7400e+04 3.0415e+04 2.0984e+04 2.4140e+04 2.1124e+04 2.3873e+04
   8.5750 2.1251e+04 1.6082e+04 2.8940e+04 1.6449e+04 2.8675e+04 1.9836e+04 2.2782e+04 1.9964e+04 2.2539e+04
   8.7125 2.0080e+04 1.5228e+04 2.7308e+04 1.5567e+04 2.7063e+04 1.8769e+04 2.1506e+04 1.8873e+04 2.1286e+04
   8.8500 1.8989e+04 1.4414e+04 2.5769e+04 1.4732e+04 2.5543e+04 1.7760e+04 2.0312e+04 1.7852e+04 2.0114e+04
   8.9875 1.7957e+04 1.3651e+04 2.4341e+04 1.3943e+04 2.4128e+04 1.6808e+04 1.9198e+04 1.6901e+04 1.9024e+04
   9.1250 1.6994e+04 1.2937e+04 2.2992e+04 1.3212e+04 2.2794e+04 1.5915e+04 1.8154e+04 1.5996e+04 1.7992e+04
   9.2625 1.6089e+04 1.2273e+04 2.1737e+04 1.2528e+04 2.1553e+04 1.5080e+04 1.7168e+04 1.5161e+04 1.7029e+04
   9.4000 1.5242e+04 1.1640e+04 2.0553e+04 1.1878e+04 2.0381e+04 1.4303e+04 1.6252e+04 1.4361e+04 1.6124e+04
   9.5375 1.4442e+04 1.1047e+04 1.9442e+04 1.1268e+04 1.9279e+04 1.3560e+04 1.5393e+04 1.3618e+04 1.5277e+04
   9.6750 1.3700e+04 1.0482e+04 1.8407e+04 1.0694e+04 1.8258e+04 1.2864e+04 1.4581e+04 1.2911e+04 1.4477e+04
   9.8125 1.2992e+04 9.9579e+03 1.7423e+04 1.0155e+04 1.7284e+04 1.2215e+04 1.3816e+04 1.2250e+04 1.3723e+04
   9.9500 1.2331e+04 9.4625e+03 1.6510e+04 9.6466e+03 1.6379e+04 1.1598e+04 1.3108e+04 1.1635e+04 1.3015e+04
  10.0875 1.1704e+04 8.9957e+03 1.5642e+04 9.1675e+03 1.5521e+04 1.1018e+04 1.2424e+04 1.1049e+04 1.2354e+04
  10.2250 1.1113e+04 8.5568e+03 1.4836e+04 8.7162e+03 1.4720e+04 1.0471e+04 1.1797e+04 1.0498e+04 1.1728e+04
  10.3625 1.0558e+04 8.1403e+03 1.4075e+04 8.2894e+03 1.3966e+04 9.9563e+03 1.1200e+04 9.9783e+03 1.1140e+04
  10.5000 1.0036e+04 7.7476e+03 1.3360e+04 7.8880e+03 1.3259e+04 9.4691e+03 1.0638e+04 9.4876e+03 1.0585e+04
  10.6375 9.5433e+03 7.3772e+03 1.2681e+04 7.5087e+03 1.2586e+04 9.0097e+03 1.0109e+04 9.0260e+03 1.0062e+04
  10.7750 9.0782e+03 7.0269e+03 1.2049e+04 7.1502e+03 1.1960e+04 8.5770e+03 9.6106e+03 8.5886e+03 9.5677e+03
  10.9125 8.6397e+03 6.6956e+03 1.1446e+04 6.8115e+03 1.1362e+04 8.1676e+03 9.1396e+03 8.1768e+03 9.1025e+03
  11.0500 8.2256e+03 6.3822e+03 1.0881e+04 6.4914e+03 1.0802e+04 7.7801e+03 8.6965e+03 7.7871e+03 8.6629e+03
  11.1875 7.8335e+03 6.0861e+03 1.0347e+04 6.1886e+03 1.0273e+04 7.4136e+03 8.2766e+03 7.4194e+03 8.2476e+03
  11.3250 7.4634e+03 5.8068e+03 9.8441e+03 5.9032e+03 9.7742e+03 7.0679e+03 7.8810e+03 7.0714e+03 7.8555e+03
  11.4625 7.1131e+03 5.5410e+03 9.3680e+03 5.6318e+03 9.3020e+03 6.7396e+03 7.5064e+03 6.7419e+03 7.4855e+03
  11.6000 6.7825e+03 5.2897e+03 8.9187e+03 5.3754e+03 8.8566e+03 6.4299e+03 7.1537e+03 6.4299e+03 7.1340e+03
  11.7375 6.4693e+03 5.0511e+03 8.4952e+03 5.1318e+03 8.4367e+03 6.1364e+03 6.8185e+03 6.1352e+03 6.8034e+03
  11.8750 6.1724e+03 4.8250e+03 8.0941e+03 4.9010e+03 8.0388e+03 5.8580e+03 6.5030e+03 5.8557e+03 6.4890e+03
  12.0125 5.8916e+03 4.6110e+03 7.7138e+03 4.6829e+03 7.6618e+03 5.5947e+03 6.2025e+03 5.5900e+03 6.1921e+03
  12.1500 5.6248e+03 4.4076e+03 7.3552e+03 4.4753e+03 7.3057e+03 5.3441e+03 5.9195e+03 5.3395e+03 5.9114e+03
  12.2875 5.3731e+03 4.2149e+03 7.0160e+03 4.2792e+03 6.9693e+03 5.1075e+03 5.6515e+03 5.1005e+03 5.6446e+03
  12.4250 5.1330e+03 4.0322e+03 6.6934e+03 4.0925e+03 6.6491e+03 4.8824e+03 5.3963e+03 4.8755e+03 5.3917e+03
  12.5625 4.9068e+03 3.8577e+03 6.3891e+03 3.9150e+03 6.3475e+03 4.6690e+03 5.1550e+03 4.6609e+03 5.1516e+03
  12.7000 4.6910e+03 3.6927e+03 6.1005e+03 3.7468e+03 6.0610e+03 4.4660e+03 4.9265e+03 4.4579e+03 4.9242e+03
  12.8375 4.4869e+03 3.5353e+03 5.8258e+03 3.5867e+03 5.7884e+03 4.2734e+03 4.7096e+03 4.2642e+03 4.7084e+03
  12.9750 4.2920e+03 3.3864e+03 5.5663e+03 3.4348e+03 5.5309e+03 4.0902e+03 4.5031e+03 4.0809e+03 4.5031e+03
  13.1125 4.1076e+03 3.2437e+03 5.3196e+03 3.2898e+03 5.2861e+03 3.9162e+03 4.3071e+03 3.9057e+03 4.3082e+03
  13.2500 3.9324e+03 3.1080e+03 5.0859e+03 3.1517e+03 5.0541e+03 3.7503e+03 4.1215e+03 3.7398e+03 4.1238e+03
  13.3875 3.7654e+03 2.9792e+03 4.8639e+03 3.0206e+03 4.8337e+03 3.5925e+03 3.9452e+03 3.5821e+03 3.9475e+03
  13.5250 3.6064e+03 2.8574e+03 4.6537e+03 2.8965e+03 4.6249e+03 3.4429e+03 3.7770e+03 3.4324e+03 3.7804e+03
  13.6625 3.4556e+03 2.7400e+03 4.4526e+03 2.7770e+03 4.4254e+03 3.3002e+03 3.6169e+03 3.2898e+03 3.6215e+03
  13.8000 3.3118e+03 2.6295e+03 4.2623e+03 2.6645e+03 4.2363e+03 3.1645e+03 3.4649e+03 3.1540e+03 3.4707e+03
  13.9375 3.1749e+03 2.5235e+03 4.0814e+03 2.5566e+03 4.0565e+03 3.0357e+03 3.3211e+03 3.0241e+03 3.3269e+03
  14.0750 3.0450e+03 2.4217e+03 3.9093e+03 2.4534e+03 3.8860e+03 2.9116e+03 3.1830e+03 2.9012e+03 3.1888e+03
  14.2125 2.9209e+03 2.3258e+03 3.7459e+03 2.3560e+03 3.7236e+03 2.7944e+03 3.0520e+03 2.7828e+03 3.0589e+03
  14.3500 2.8026e+03 2.2334e+03 3.5895e+03 2.2620e+03 3.5682e+03 2.6819e+03 2.9278e+03 2.6715e+03 2.9348e+03
  14.4875 2.6900e+03 2.1466e+03 3.4409e+03 2.1738e+03 3.4208e+03 2.5752e+03 2.8084e+03 2.5648e+03 2.8153e+03
  14.6250 2.5822e+03 2.0622e+03 3.2997e+03 2.0880e+03 3.2805e+03 2.4731e+03 2.6947e+03 2.4627e+03 2.7028e+03
  14.7625 2.4801e+03 1.9822e+03 3.1641e+03 2.0068e+03 3.1459e+03 2.3768e+03 2.5868e+03 2.3652e+03 2.5949e+03
  14.9000 2.3815e+03 1.9058e+03 3.0358e+03 1.9291e+03 3.0183e+03 2.2829e+03 2.4836e+03 2.2724e+03 2.4917e+03
  15.0375 2.2887e+03 1.8324e+03 2.9144e+03 1.8548e+03 2.8977e+03 2.1947e+03 2.3861e+03 2.1831e+03 2.3942e+03
  15.1750 2.1994e+03 1.7628e+03 2.7976e+03 1.7841e+03 2.7817e+03 2.1100e+03 2.2922e+03 2.0984e+03 2.3003e+03
  15.3125 2.1147e+03 1.6964e+03 2.6854e+03 1.7168e+03 2.6703e+03 2.0288e+03 2.2028e+03 2.0184e+03 2.2110e+03
  15.4500 2.0335e+03 1.6322e+03 2.5790e+03 1.6518e+03 2.5648e+03 1.9511e+03 2.1170e+03 1.9407e+03 2.1251e+03
  15.5875 1.9558e+03 1.5717e+03 2.4774e+03 1.5904e+03 2.4638e+03 1.8780e+03 2.0346e+03 1.8664e+03 2.0439e+03
  15.7250 1.8804e+03 1.5126e+03 2.3821e+03 1.5300e+03 2.3687e+03 1.8073e+03 1.9569e+03 1.7957e+03 1.9662e+03
  15.8625 1.8096e+03 1.4575e+03 2.2885e+03 1.4744e+03 2.2759e+03 1.7388e+03 1.8827e+03 1.7284e+03 1.8908e+03
  16.0000 1.7423e+03 1.4034e+03 2.2008e+03 1.4198e+03 2.1889e+03 1.6739e+03 1.8108e+03 1.6634e+03 1.8200e+03
  16.1375 1.6774e+03 1.3520e+03 2.1157e+03 1.3676e+03 2.1042e+03 1.6124e+03 1.7435e+03 1.6020e+03 1.7516e+03
  16.2750 1.6147e+03 1.3031e+03 2.0352e+03 1.3178e+03 2.0242e+03 1.5532e+03 1.6774e+03 1.5428e+03 1.6866e+03
  16.4125 1.5556e+03 1.2559e+03 1.9579e+03 1.2702e+03 1.9476e+03 1.4964e+03 1.6147e+03 1.4860e+03 1.6240e+03
  16.5500 1.4976e+03 1.2116e+03 1.8847e+03 1.2250e+03 1.8746e+03 1.4419e+03 1.5556e+03 1.4314e+03 1.5637e+03
  16.6875 1.4430e+03 1.1683e+03 1.8136e+03 1.1809e+03 1.8038e+03 1.3897e+03 1.4987e+03 1.3804e+03 1.5068e+03
  16.8250 1.3908e+03 1.1266e+03 1.7469e+03 1.1387e+03 1.7377e+03 1.3398e+03 1.4430e+03 1.3305e+03 1.4523e+03
  16.9625 1.3410e+03 1.0868e+03 1.6814e+03 1.0984e+03 1.6727e+03 1.2922e+03 1.3908e+03 1.2830e+03 1.3990e+03
  17.1000 1.2934e+03 1.0483e+03 1.6196e+03 1.0598e+03 1.6112e+03 1.2458e+03 1.3410e+03 1.2366e+03 1.3491e+03
  17.2375 1.2470e+03 1.0117e+03 1.5611e+03 1.0227e+03 1.5532e+03 1.2018e+03 1.2922e+03 1.1925e+03 1.3004e+03
  17.3750 1.2029e+03 9.7675e+02 1.5041e+03 9.8716e+02 1.4964e+03 1.1598e+03 1.2458e+03 1.1506e+03 1.2551e+03
  17.5125 1.1600e+03 9.4330e+02 1.4493e+03 9.5306e+02 1.4419e+03 1.1193e+03 1.2018e+03 1.1102e+03 1.2099e+03
  17.6500 1.1195e+03 9.1081e+02 1.3981e+03 9.2023e+02 1.3908e+03 1.0803e+03 1.1597e+03 1.0715e+03 1.1681e+03
  17.7875 1.0805e+03 8.7974e+02 1.3478e+03 8.8879e+02 1.3410e+03 1.0430e+03 1.1189e+03 1.0343e+03 1.1267e+03
  17.9250 1.0431e+03 8.4984e+02 1.3000e+03 8.5852e+02 1.2934e+03 1.0071e+03 1.0797e+03 9.9853e+02 1.0876e+03
  18.0625 1.0071e+03 8.2121e+02 1.2533e+03 8.2952e+02 1.2470e+03 9.7266e+02 1.0423e+03 9.6431e+02 1.0500e+03
  18.2000 9.7254e+02 7.9361e+02 1.2101e+03 8.0156e+02 1.2041e+03 9.3960e+02 1.0063e+03 9.3136e+02 1.0138e+03
  18.3375 9.3948e+02 7.6709e+02 1.1670e+03 7.7476e+02 1.1612e+03 9.0782e+02 9.7173e+02 8.9970e+02 9.7916e+02
  18.4750 9.0758e+02 7.4156e+02 1.1267e+03 7.4890e+02 1.1211e+03 8.7731e+02 9.3844e+02 8.6930e+02 9.4586e+02
  18.6125 8.7696e+02 7.1712e+02 1.0878e+03 7.2419e+02 1.0824e+03 8.4784e+02 9.0654e+02 8.4007e+02 9.1385e+02
  18.7500 8.4761e+02 6.9349e+02 1.0503e+03 7.0029e+02 1.0452e+03 8.1966e+02 8.7592e+02 8.1200e+02 8.8311e+02
  18.8875 8.1931e+02 6.7079e+02 1.0144e+03 6.7732e+02 1.0094e+03 7.9251e+02 8.4645e+02 7.8497e+02 8.5353e+02
  19.0250 7.9205e+02 6.4903e+02 9.7999e+02 6.5528e+02 9.7521e+02 7.6641e+02 8.1815e+02 7.5899e+02 8.2511e+02
  19.1625 7.6595e+02 6.2793e+02 9.4674e+02 6.3394e+02 9.4215e+02 7.4136e+02 7.9089e+02 7.3405e+02 7.9785e+02
  19.3000 7.4078e+02 6.0774e+02 9.1491e+02 6.1352e+02 9.1048e+02 7.1711e+02 7.6479e+02 7.1004e+02 7.7152e+02
  19.4375 7.1653e+02 5.8828e+02 8.8425e+02 5.9380e+02 8.7998e+02 6.9391e+02 7.3962e+02 6.8695e+02 7.4623e+02
  19.5750 6.9333e+02 5.6943e+02 8.5482e+02 5.7478e+02 8.5074e+02 6.7152e+02 7.1537e+02 6.6468e+02 7.2187e+02
  19.7125 6.7083e+02 5.5144e+02 8.2650e+02 5.5657e+02 8.2256e+02 6.4995e+02 6.9206e+02 6.4322e+02 6.9844e+02
  19.8500 6.4925e+02 5.3400e+02 7.9922e+02 5.3894e+02 7.9541e+02 6.2918e+02 6.6967e+02 6.2257e+02 6.7593e+02
  19.9875 6.2849e+02 5.1723e+02 7.7297e+02 5.2200e+02 7.6931e+02 6.0912e+02 6.4798e+02 6.0274e+02 6.5424e+02
  20.1250 6.0842e+02 5.0107e+02 7.4780e+02 5.0564e+02 7.4426e+02 5.8986e+02 6.2721e+02 5.8360e+02 6.3336e+02
  20.2625 5.8916e+02 4.8546e+02 7.2352e+02 4.8987e+02 7.2013e+02 5.7130e+02 6.0714e+02 5.6515e+02 6.1318e+02
  20.4000 5.7060e+02 4.7042e+02 7.0009e+02 4.7467e+02 6.9681e+02 5.5344e+02 5.8789e+02 5.4740e+02 5.9380e+02
  20.5375 5.5274e+02 4.5593e+02 6.7757e+02 4.6006e+02 6.7442e+02 5.3615e+02 5.6933e+02 5.3024e+02 5.7513e+02
  20.6750 5.3546e+02 4.4206e+02 6.5602e+02 4.4602e+02 6.5296e+02 5.1956e+02 5.5146e+02 5.1376e+02 5.5715e+02
  20.8125 5.1875e+02 4.2856e+02 6.3515e+02 4.3233e+02 6.3220e+02 5.0356e+02 5.3418e+02 4.9787e+02 5.3975e+02
  20.9500 5.0274e+02 4.1556e+02 6.1499e+02 4.1922e+02 6.1213e+02 4.8813e+02 5.1759e+02 4.8244e+02 5.2304e+02
  21.0875 4.8732e+02 4.0293e+02 5.9561e+02 4.0646e+02 5.9288e+02 4.7316e+02 5.0147e+02 4.6771e+02 5.0692e+02
  21.2250 4.7235e+02 3.9086e+02 5.7697e+02 3.9428e+02 5.7432e+02 4.5878e+02 4.8604e+02 4.5333e+02 4.9138e+02
  21.3625 4.5797e+02 3.7916e+02 5.5888e+02 3.8245e+02 5.5634e+02 4.4486e+02 4.7108e+02 4.3964e+02 4.7630e+02
  21.5000 4.4405e+02 3.6792e+02 5.4163e+02 3.7108e+02 5.3917e+02 4.3152e+02 4.5669e+02 4.2630e+02 4.6180e+02
  21.6375 4.3071e+02 3.5697e+02 5.2485e+02 3.6006e+02 5.2246e+02 4.1853e+02 4.4289e+02 4.1342e+02 4.4788e+02
  21.7750 4.1772e+02 3.4641e+02 5.0875e+02 3.4939e+02 5.0646e+02 4.0600e+02 4.2943e+02 4.0101e+02 4.3430e+02
  21.9125 4.0519e+02 3.3621e+02 4.9315e+02 3.3907e+02 4.9091e+02 3.9394e+02 4.1656e+02 3.8906e+02 4.2131e+02
  22.0500 3.9312e+02 3.2647e+02 4.7812e+02 3.2921e+02 4.7595e+02 3.8234e+02 4.0403e+02 3.7758e+02 4.0878e+02
  22.1875 3.8152e+02 3.1689e+02 4.6364e+02 3.1958e+02 4.6156e+02 3.7108e+02 3.9196e+02 3.6633e+02 3.9660e+02
  22.3250 3.7027e+02 3.0773e+02 4.4966e+02 3.1030e+02 4.4764e+02 3.6018e+02 3.8036e+02 3.5566e+02 3.8489e+02
  22.4625 3.5937e+02 2.9888e+02 4.3614e+02 3.0137e+02 4.3419e+02 3.4962e+02 3.6911e+02 3.4522e+02 3.7352e+02
  22.6000 3.4893e+02 2.9024e+02 4.2306e+02 2.9267e+02 4.2120e+02 3.3953e+02 3.5821e+02 3.3512e+02 3.6262e+02
  22.7375 3.3872e+02 2.8198e+02 4.1061e+02 2.8432e+02 4.0878e+02 3.2967e+02 3.4777e+02 3.2538e+02 3.5206e+02
  22.8750 3.2886e+02 2.7395e+02 3.9840e+02 2.7620e+02 3.9660e+02 3.2016e+02 3.3768e+02 3.1598e+02 3.4185e+02
  23.0125 3.1946e+02 2.6612e+02 3.8660e+02 2.6831e+02 3.8489e+02 3.1100e+02 3.2782e+02 3.0694e+02 3.3199e+02
  23.1500 3.1030e+02 2.5865e+02 3.7528e+02 2.6077e+02 3.7364e+02 3.0218e+02 3.1842e+02 2.9812e+02 3.2236e+02
  23.2875 3.0137e+02 2.5144e+02 3.6436e+02 2.5346e+02 3.6273e+02 2.9360e+02 3.0926e+02 2.8965e+02 3.1320e+02
  23.4250 2.9278e+02 2.4442e+02 3.5374e+02 2.4638e+02 3.5218e+02 2.8524e+02 3.0032e+02 2.8142e+02 3.0427e+02
  23.5625 2.8455e+02 2.3750e+02 3.4347e+02 2.3942e+02 3.4197e+02 2.7724e+02 2.9186e+02 2.7341e+02 2.9557e+02
  23.7000 2.7654e+02 2.3095e+02 3.3366e+02 2.3281e+02 3.3222e+02 2.6947e+02 2.8350e+02 2.6576e+02 2.8722e+02
  23.8375 2.6877e+02 2.2463e+02 3.2401e+02 2.2643e+02 3.2260e+02 2.6193e+02 2.7550e+02 2.5833e+02 2.7921e+02
  23.9750 2.6123e+02 2.1843e+02 3.1479e+02 2.2017e+02 3.1343e+02 2.5462e+02 2.6773e+02 2.5114e+02 2.7132e+02
  24.1125 2.5392e+02 2.1246e+02 3.0585e+02 2.1414e+02 3.0450e+02 2.4766e+02 2.6030e+02 2.4406e+02 2.6378e+02
  24.2500 2.4696e+02 2.0668e+02 2.9720e+02 2.0834e+02 2.9592e+02 2.4082e+02 2.5300e+02 2.3734e+02 2.5648e+02
  24.3875 2.4012e+02 2.0107e+02 2.8882e+02 2.0265e+02 2.8756e+02 2.3420e+02 2.4604e+02 2.3084e+02 2.4940e+02
  24.5250 2.3351e+02 1.9566e+02 2.8078e+02 1.9720e+02 2.7956e+02 2.2782e+02 2.3919e+02 2.2446e+02 2.4256e+02
  24.6625 2.2713e+02 1.9035e+02 2.7284e+02 1.9186e+02 2.7167e+02 2.2156e+02 2.3258e+02 2.1831e+02 2.3583e+02
  24.8000 2.2098e+02 1.8519e+02 2.6526e+02 1.8664e+02 2.6413e+02 2.1564e+02 2.2620e+02 2.1240e+02 2.2945e+02
  24.9375 2.1495e+02 1.8026e+02 2.5793e+02 1.8166e+02 2.5682e+02 2.0973e+02 2.2005e+02 2.0671e+02 2.2318e+02
  25.0750 2.0915e+02 1.7555e+02 2.5083e+02 1.7690e+02 2.4975e+02 2.0416e+02 2.1414e+02 2.0114e+02 2.1715e+02
  25.2125 2.0346e+02 1.7085e+02 2.4398e+02 1.7214e+02 2.4290e+02 1.9871e+02 2.0834e+02 1.9569e+02 2.1135e+02
  25.3500 1.9801e+02 1.6636e+02 2.3732e+02 1.6762e+02 2.3629e+02 1.9337e+02 2.0265e+02 1.9047e+02 2.0567e+02
  25.4875 1.9279e+02 1.6196e+02 2.3079e+02 1.6321e+02 2.2980e+02 1.8827e+02 1.9720e+02 1.8537e+02 2.0022e+02
  25.6250 1.8769e+02 1.5771e+02 2.2461e+02 1.5892e+02 2.2365e+02 1.8328e+02 1.9198e+02 1.8050e+02 1.9488e+02
  25.7625 1.8270e+02 1.5368e+02 2.1855e+02 1.5486e+02 2.1762e+02 1.7841e+02 1.8688e+02 1.7574e+02 1.8966e+02
  25.9000 1.7783e+02 1.4968e+02 2.1262e+02 1.5080e+02 2.1170e+02 1.7377e+02 1.8189e+02 1.7110e+02 1.8467e+02
  26.0375 1.7319e+02 1.4575e+02 2.0691e+02 1.4686e+02 2.0602e+02 1.6924e+02 1.7713e+02 1.6658e+02 1.7980e+02
  26.1750 1.6866e+02 1.4208e+02 2.0144e+02 1.4314e+02 2.0056e+02 1.6484e+02 1.7249e+02 1.6228e+02 1.7516e+02
  26.3125 1.6426e+02 1.3839e+02 1.9607e+02 1.3943e+02 1.9523e+02 1.6054e+02 1.6797e+02 1.5799e+02 1.7052e+02
  26.4500 1.6008e+02 1.3481e+02 1.9092e+02 1.3584e+02 1.9012e+02 1.5648e+02 1.6356e+02 1.5393e+02 1.6611e+02
  26.5875 1.5590e+02 1.3138e+02 1.8582e+02 1.3236e+02 1.8502e+02 1.5242e+02 1.5938e+02 1.4999e+02 1.6182e+02
  26.7250 1.5184e+02 1.2817e+02 1.8104e+02 1.2911e+02 1.8026e+02 1.4848e+02 1.5521e+02 1.4616e+02 1.5764e+02
  26.8625 1.4802e+02 1.2480e+02 1.7625e+02 1.2574e+02 1.7551e+02 1.4477e+02 1.5126e+02 1.4233e+02 1.5358e+02
  27.0000 1.4419e+02 1.2171e+02 1.7171e+02 1.2261e+02 1.7098e+02 1.4106e+02 1.4732e+02 1.3874e+02 1.4964e+02
  27.1375 1.4059e+02 1.1870e+02 1.6718e+02 1.1960e+02 1.6646e+02 1.3746e+02 1.4361e+02 1.3526e+02 1.4593e+02
  27.2750 1.3700e+02 1.1571e+02 1.6287e+02 1.1658e+02 1.6217e+02 1.3398e+02 1.3990e+02 1.3178e+02 1.4222e+02
  27.4125 1.3352e+02 1.1283e+02 1.5869e+02 1.1368e+02 1.5799e+02 1.3062e+02 1.3642e+02 1.2841e+02 1.3862e+02
  27.5500 1.3015e+02 1.1006e+02 1.5472e+02 1.1086e+02 1.5405e+02 1.2737e+02 1.3294e+02 1.2528e+02 1.3514e+02
  27.6875 1.2690e+02 1.0735e+02 1.5076e+02 1.0812e+02 1.5010e+02 1.2424e+02 1.2957e+02 1.2215e+02 1.3178e+02
  27.8250 1.2377e+02 1.0467e+02 1.4689e+02 1.0547e+02 1.4628e+02 1.2110e+02 1.2632e+02 1.1902e+02 1.2841e+02
  27.9625 1.2064e+02 1.0214e+02 1.4319e+02 1.0288e+02 1.4256e+02 1.1809e+02 1.2319e+02 1.1612e+02 1.2528e+02
  28.1000 1.1774e+02 9.9615e+01 1.3956e+02 1.0036e+02 1.3897e+02 1.1523e+02 1.2018e+02 1.1324e+02 1.2215e+02
  28.2375 1.1479e+02 9.7212e+01 1.3607e+02 9.7927e+01 1.3549e+02 1.1240e+02 1.1716e+02 1.1044e+02 1.1913e+02
  28.3750 1.1197e+02 9.4865e+01 1.3270e+02 9.5561e+01 1.3212e+02 1.0966e+02 1.1426e+02 1.0774e+02 1.1623e+02
  28.5125 1.0924e+02 9.2572e+01 1.2931e+02 9.3252e+01 1.2876e+02 1.0699e+02 1.1145e+02 1.0510e+02 1.1336e+02
  28.6500 1.0657e+02 9.0354e+01 1.2617e+02 9.1014e+01 1.2563e+02 1.0439e+02 1.0872e+02 1.0254e+02 1.1059e+02
  28.7875 1.0398e+02 8.8189e+01 1.2302e+02 8.8833e+01 1.2250e+02 1.0187e+02 1.0607e+02 1.0005e+02 1.0790e+02
  28.9250 1.0147e+02 8.6081e+01 1.1999e+02 8.6710e+01 1.1948e+02 9.9412e+01 1.0348e+02 9.7626e+01 1.0529e+02
  29.0625 9.9018e+01 8.4033e+01 1.1708e+02 8.4645e+01 1.1658e+02 9.7034e+01 1.0098e+02 9.5271e+01 1.0275e+02
  29.2000 9.6640e+01 8.2042e+01 1.1418e+02 8.2638e+01 1.1369e+02 9.4714e+01 9.8542e+01 9.2986e+01 1.0028e+02
  29.3375 9.4320e+01 8.0109e+01 1.1140e+02 8.0690e+01 1.1092e+02 9.2452e+01 9.6176e+01 9.0758e+01 9.7892e+01
  29.4750 9.2081e+01 7.8219e+01 1.0870e+02 7.8787e+01 1.0824e+02 9.0260e+01 9.3867e+01 8.8601e+01 9.5549e+01
  29.6125 8.9888e+01 7.6388e+01 1.0607e+02 7.6943e+01 1.0562e+02 8.8125e+01 9.1628e+01 8.6490e+01 9.3287e+01
  29.7500 8.7766e+01 7.4604e+01 1.0352e+02 7.5145e+01 1.0308e+02 8.6049e+01 8.9459e+01 8.4448e+01 9.1072e+01
  29.8875 8.5689e+01 7.2867e+01 1.0104e+02 7.3393e+01 1.0061e+02 8.4030e+01 8.7336e+01 8.2453e+01 8.8926e+01
  30.0250 8.3682e+01 7.1182e+01 9.8618e+01 7.1700e+01 9.8194e+01 8.2058e+01 8.5272e+01 8.0516e+01 8.6838e+01
  30.1625 8.1722e+01 6.9538e+01 9.6277e+01 7.0041e+01 9.5862e+01 8.0144e+01 8.3265e+01 7.8636e+01 8.4808e+01
  30.3000 7.9808e+01 6.7941e+01 9.3984e+01 6.8428e+01 9.3577e+01 7.8288e+01 8.1316e+01 7.6804e+01 8.2824e+01
  30.4375 7.7964e+01 6.6371e+01 9.1768e+01 6.6851e+01 9.1373e+01 7.6479e+01 7.9425e+01 7.5017e+01 8.0898e+01
  30.5750 7.6154e+01 6.4863e+01 8.9603e+01 6.5331e+01 8.9216e+01 7.4716e+01 7.7569e+01 7.3277e+01 7.9031e+01
  30.7125 7.4391e+01 6.3380e+01 8.7497e+01 6.3835e+01 8.7116e+01 7.2999e+01 7.5771e+01 7.1584e+01 7.7210e+01
  30.8500 7.2686e+01 6.1937e+01 8.5457e+01 6.2385e+01 8.5086e+01 7.1317e+01 7.4020e+01 6.9936e+01 7.5435e+01
  30.9875 7.1015e+01 6.0535e+01 8.3465e+01 6.0970e+01 8.3102e+01 6.9693e+01 7.2326e+01 6.8336e+01 7.3695e+01
  31.1250 6.9391e+01 5.9174e+01 8.1521e+01 5.9601e+01 8.1165e+01 6.8104e+01 7.0667e+01 6.6770e+01 7.2013e+01
  31.2625 6.7814e+01 5.7838e+01 7.9633e+01 5.8255e+01 7.9286e+01 6.6561e+01 6.9043e+01 6.5250e+01 7.0377e+01
  31.4000 6.6271e+01 5.6550e+01 7.7805e+01 5.6956e+01 7.7465e+01 6.5064e+01 6.7477e+01 6.3765e+01 6.8776e+01
  31.5375 6.4774e+01 5.5282e+01 7.6014e+01 5.5680e+01 7.5678e+01 6.3591e+01 6.5946e+01 6.2327e+01 6.7234e+01
  31.6750 6.3324e+01 5.4047e+01 7.4273e+01 5.4439e+01 7.3950e+01 6.2164e+01 6.4450e+01 6.0923e+01 6.5714e+01
  31.8125 6.1898e+01 5.2852e+01 7.2586e+01 5.3232e+01 7.2268e+01 6.0784e+01 6.3000e+01 5.9554e+01 6.4241e+01
  31.9500 6.0517e+01 5.1687e+01 7.0931e+01 5.2061e+01 7.0621e+01 5.9427e+01 6.1584e+01 5.8220e+01 6.2802e+01
  32.0875 5.9160e+01 5.0549e+01 6.9325e+01 5.0912e+01 6.9020e+01 5.8104e+01 6.0204e+01 5.6921e+01 6.1399e+01
  32.2250 5.7849e+01 4.9442e+01 6.7764e+01 4.9799e+01 6.7466e+01 5.6817e+01 5.8858e+01 5.5657e+01 6.0042e+01
  32.3625 5.6573e+01 4.8359e+01 6.6236e+01 4.8708e+01 6.5946e+01 5.5564e+01 5.7559e+01 5.4427e+01 5.8708e+01
  32.5000 5.5320e+01 4.7300e+01 6.4749e+01 4.7641e+01 6.4461e+01 5.4346e+01 5.6283e+01 5.3221e+01 5.7420e+01
  32.6375 5.4102e+01 4.6275e+01 6.3304e+01 4.6609e+01 6.3023e+01 5.3151e+01 5.5042e+01 5.2049e+01 5.6156e+01
  32.7750 5.2919e+01 4.5273e+01 6.1893e+01 4.5600e+01 6.1619e+01 5.1991e+01 5.3824e+01 5.0912e+01 5.4926e+01
  32.9125 5.1759e+01 4.4296e+01 6.0521e+01 4.4614e+01 6.0250e+01 5.0866e+01 5.2641e+01 4.9799e+01 5.3731e+01
  33.0500 5.0634e+01 4.3337e+01 5.9181e+01 4.3651e+01 5.8916e+01 4.9752e+01 5.1492e+01 4.8708e+01 5.2560e+01
  33.1875 4.9532e+01 4.2418e+01 5.7877e+01 4.2723e+01 5.7617e+01 4.8685e+01 5.0367e+01 4.7653e+01 5.1423e+01
  33.3250 4.8465e+01 4.1505e+01 5.6606e+01 4.1806e+01 5.6353e+01 4.7630e+01 4.9277e+01 4.6620e+01 5.0309e+01
  33.4625 4.7421e+01 4.0618e+01 5.5358e+01 4.0913e+01 5.5112e+01 4.6609e+01 4.8210e+01 4.5611e+01 4.9219e+01
  33.6000 4.6400e+01 3.9753e+01 5.4159e+01 4.0043e+01 5.3917e+01 4.5611e+01 4.7166e+01 4.4625e+01 4.8163e+01
  33.7375 4.5402e+01 3.8915e+01 5.2983e+01 3.9196e+01 5.2745e+01 4.4637e+01 4.6156e+01 4.3674e+01 4.7131e+01
  33.8750 4.4428e+01 3.8097e+01 5.1834e+01 3.8373e+01 5.1597e+01 4.3686e+01 4.5170e+01 4.2734e+01 4.6133e+01
  34.0125 4.3488e+01 3.7290e+01 5.0712e+01 3.7561e+01 5.0483e+01 4.2758e+01 4.4196e+01 4.1830e+01 4.5147e+01
  34.1500 4.2560e+01 3.6507e+01 4.9620e+01 3.6772e+01 4.9393e+01 4.1853e+01 4.3256e+01 4.0936e+01 4.4196e+01
  34.2875 4.1667e+01 3.5743e+01 4.8557e+01 3.6006e+01 4.8337e+01 4.0971e+01 4.2340e+01 4.0066e+01 4.3256e+01
  34.4250 4.0786e+01 3.4996e+01 4.7512e+01 3.5252e+01 4.7293e+01 4.0113e+01 4.1447e+01 3.9220e+01 4.2352e+01
  34.5625 3.9927e+01 3.4270e+01 4.6498e+01 3.4522e+01 4.6284e+01 3.9266e+01 4.0577e+01 3.8396e+01 4.1458e+01
  34.7000 3.9092e+01 3.3558e+01 4.5518e+01 3.3802e+01 4.5310e+01 3.8454e+01 3.9718e+01 3.7596e+01 4.0588e+01
  34.8375 3.8280e+01 3.2864e+01 4.4549e+01 3.3106e+01 4.4347e+01 3.7654e+01 3.8883e+01 3.6807e+01 3.9742e+01
  34.9750 3.7480e+01 3.2198e+01 4.3608e+01 3.2434e+01 4.3407e+01 3.6876e+01 3.8071e+01 3.6041e+01 3.8918e+01
  35.1125 3.6702e+01 3.1528e+01 4.2687e+01 3.1761e+01 4.2491e+01 3.6111e+01 3.7282e+01 3.5287e+01 3.8106e+01
  35.2500 3.5937e+01 3.0886e+01 4.1794e+01 3.1111e+01 4.1598e+01 3.5368e+01 3.6505e+01 3.4556e+01 3.7329e+01
  35.3875 3.5206e+01 3.0250e+01 4.0915e+01 3.0473e+01 4.0728e+01 3.4638e+01 3.5751e+01 3.3849e+01 3.6552e+01
  35.5250 3.4475e+01 2.9642e+01 4.0070e+01 2.9858e+01 3.9881e+01 3.3930e+01 3.5020e+01 3.3153e+01 3.5809e+01
  35.6625 3.3768e+01 2.9042e+01 3.9231e+01 2.9255e+01 3.9046e+01 3.3234e+01 3.4290e+01 3.2468e+01 3.5078e+01
  35.8000 3.3083e+01 2.8454e+01 3.8425e+01 2.8664e+01 3.8245e+01 3.2561e+01 3.3594e+01 3.1807e+01 3.4359e+01
  35.9375 3.2410e+01 2.7877e+01 3.7622e+01 2.8084e+01 3.7445e+01 3.1900e+01 3.2909e+01 3.1158e+01 3.3663e+01
  36.0750 3.1749e+01 2.7312e+01 3.6854e+01 2.7515e+01 3.6679e+01 3.1250e+01 3.2236e+01 3.0520e+01 3.2979e+01
  36.2125 3.1100e+01 2.6774e+01 3.6096e+01 2.6970e+01 3.5925e+01 3.0624e+01 3.1575e+01 2.9905e+01 3.2306e+01
  36.3500 3.0473e+01 2.6229e+01 3.5362e+01 2.6425e+01 3.5194e+01 2.9998e+01 3.0937e+01 2.9290e+01 3.1656e+01
  36.4875 2.9858e+01 2.5711e+01 3.4641e+01 2.5903e+01 3.4475e+01 2.9406e+01 3.0322e+01 2.8698e+01 3.1018e+01
  36.6250 2.9267e+01 2.5204e+01 3.3930e+01 2.5392e+01 3.3768e+01 2.8814e+01 2.9708e+01 2.8130e+01 3.0404e+01
  36.7625 2.8675e+01 2.4708e+01 3.3245e+01 2.4894e+01 3.3083e+01 2.8234e+01 2.9104e+01 2.7562e+01 2.9800e+01
  36.9000 2.8107e+01 2.4214e+01 3.2566e+01 2.4395e+01 3.2410e+01 2.7678e+01 2.8524e+01 2.7016e+01 2.9197e+01
  37.0375 2.7550e+01 2.3739e+01 3.1913e+01 2.3919e+01 3.1761e+01 2.7132e+01 2.7956e+01 2.6471e+01 2.8617e+01
  37.1750 2.7005e+01 2.3267e+01 3.1274e+01 2.3444e+01 3.1123e+01 2.6587e+01 2.7399e+01 2.5949e+01 2.8060e+01
  37.3125 2.6471e+01 2.2819e+01 3.0644e+01 2.2991e+01 3.0496e+01 2.6065e+01 2.6854e+01 2.5439e+01 2.7504e+01
  37.4500 2.5949e+01 2.2368e+01 3.0038e+01 2.2539e+01 2.9893e+01 2.5555e+01 2.6332e+01 2.4928e+01 2.6958e+01
  37.5875 2.5439e+01 2.1931e+01 2.9434e+01 2.2098e+01 2.9290e+01 2.5056e+01 2.5810e+01 2.4441e+01 2.6436e+01
  37.7250 2.4940e+01 2.1514e+01 2.8850e+01 2.1680e+01 2.8710e+01 2.4569e+01 2.5300e+01 2.3954e+01 2.5914e+01
  37.8625 2.4453e+01 2.1090e+01 2.8282e+01 2.1251e+01 2.8142e+01 2.4093e+01 2.4812e+01 2.3490e+01 2.5416e+01
  38.0000 2.3977e+01 2.0684e+01 2.7721e+01 2.0845e+01 2.7585e+01 2.3618e+01 2.4325e+01 2.3026e+01 2.4917e+01
  38.1375 2.3513e+01 2.0294e+01 2.7172e+01 2.0451e+01 2.7040e+01 2.3165e+01 2.3850e+01 2.2585e+01 2.4430e+01
  38.2750 2.3049e+01 1.9905e+01 2.6652e+01 2.0056e+01 2.6518e+01 2.2713e+01 2.3386e+01 2.2144e+01 2.3966e+01
  38.4125 2.2608e+01 1.9524e+01 2.6126e+01 1.9674e+01 2.5996e+01 2.2284e+01 2.2933e+01 2.1715e+01 2.3502e+01
  38.5500 2.2179e+01 1.9142e+01 2.5612e+01 1.9291e+01 2.5485e+01 2.1854e+01 2.2492e+01 2.1298e+01 2.3049e+01
  38.6875 2.1750e+01 1.8787e+01 2.5112e+01 1.8931e+01 2.4986e+01 2.1437e+01 2.2052e+01 2.0892e+01 2.2608e+01
  38.8250 2.1332e+01 1.8428e+01 2.4635e+01 1.8572e+01 2.4511e+01 2.1019e+01 2.1634e+01 2.0486e+01 2.2179e+01
  38.9625 2.0926e+01 1.8081e+01 2.4155e+01 1.8224e+01 2.4035e+01 2.0625e+01 2.1216e+01 2.0091e+01 2.1750e+01
  39.1000 2.0520e+01 1.7739e+01 2.3694e+01 1.7876e+01 2.3571e+01 2.0230e+01 2.0810e+01 1.9708e+01 2.1344e+01
  39.2375 2.0138e+01 1.7403e+01 2.3237e+01 1.7539e+01 2.3119e+01 1.9848e+01 2.0416e+01 1.9337e+01 2.0938e+01
  39.3750 1.9755e+01 1.7080e+01 2.2784e+01 1.7214e+01 2.2666e+01 1.9476e+01 2.0033e+01 1.8966e+01 2.0544e+01
  39.5125 1.9384e+01 1.6757e+01 2.2353e+01 1.6890e+01 2.2237e+01 1.9105e+01 1.9650e+01 1.8606e+01 2.0161e+01
  39.6500 1.9012e+01 1.6448e+01 2.1934e+01 1.6576e+01 2.1820e+01 1.8746e+01 1.9279e+01 1.8258e+01 1.9778e+01
  39.7875 1.8664e+01 1.6133e+01 2.1512e+01 1.6263e+01 2.1402e+01 1.8398e+01 1.8920e+01 1.7910e+01 1.9407e+01
  39.9250 1.8316e+01 1.5833e+01 2.1105e+01 1.5962e+01 2.0996e+01 1.8050e+01 1.8560e+01 1.7574e+01 1.9047e+01
  40.0625 1.7968e+01 1.5548e+01 2.0709e+01 1.5672e+01 2.0602e+01 1.7713e+01 1.8212e+01 1.7249e+01 1.8688e+01
  40.2000 1.7632e+01 1.5260e+01 2.0314e+01 1.5382e+01 2.0207e+01 1.7388e+01 1.7876e+01 1.6924e+01 1.8340e+01
  40.3375 1.7307e+01 1.4983e+01 1.9929e+01 1.5103e+01 1.9824e+01 1.7064e+01 1.7539e+01 1.6611e+01 1.8003e+01
  40.4750 1.6982e+01 1.4707e+01 1.9560e+01 1.4825e+01 1.9453e+01 1.6750e+01 1.7214e+01 1.6298e+01 1.7678e+01
  40.6125 1.6669e+01 1.4431e+01 1.9199e+01 1.4546e+01 1.9094e+01 1.6449e+01 1.6901e+01 1.5996e+01 1.7354e+01
  40.7500 1.6368e+01 1.4177e+01 1.8835e+01 1.4291e+01 1.8734e+01 1.6147e+01 1.6588e+01 1.5706e+01 1.7029e+01
  40.8875 1.6066e+01 1.3912e+01 1.8485e+01 1.4024e+01 1.8386e+01 1.5846e+01 1.6286e+01 1.5416e+01 1.6716e+01
  41.0250 1.5776e+01 1.3655e+01 1.8147e+01 1.3769e+01 1.8050e+01 1.5556e+01 1.5985e+01 1.5126e+01 1.6414e+01
  41.1625 1.5486e+01 1.3414e+01 1.7809e+01 1.3526e+01 1.7713e+01 1.5277e+01 1.5695e+01 1.4848e+01 1.6112e+01
  41.3000 1.5196e+01 1.3176e+01 1.7486e+01 1.3282e+01 1.7388e+01 1.4999e+01 1.5405e+01 1.4581e+01 1.5822e+01
  41.4375 1.4929e+01 1.2930e+01 1.7156e+01 1.3038e+01 1.7064e+01 1.4720e+01 1.5126e+01 1.4314e+01 1.5532e+01
  41.5750 1.4651e+01 1.2704e+01 1.6844e+01 1.2806e+01 1.6750e+01 1.4454e+01 1.4848e+01 1.4059e+01 1.5254e+01
  41.7125 1.4396e+01 1.2471e+01 1.6537e+01 1.2574e+01 1.6449e+01 1.4198e+01 1.4581e+01 1.3804e+01 1.4976e+01
  41.8500 1.4129e+01 1.2252e+01 1.6237e+01 1.2354e+01 1.6147e+01 1.3943e+01 1.4314e+01 1.3549e+01 1.4709e+01
  41.9875 1.3874e+01 1.2034e+01 1.5949e+01 1.2134e+01 1.5857e+01 1.3688e+01 1.4059e+01 1.3305e+01 1.4454e+01
  42.1250 1.3630e+01 1.1812e+01 1.5653e+01 1.1913e+01 1.5567e+01 1.3444e+01 1.3804e+01 1.3062e+01 1.4187e+01
  42.2625 1.3386e+01 1.1606e+01 1.5376e+01 1.1704e+01 1.5289e+01 1.3212e+01 1.3560e+01 1.2830e+01 1.3943e+01
  42.4000 1.3143e+01 1.1403e+01 1.5096e+01 1.1500e+01 1.5010e+01 1.2969e+01 1.3317e+01 1.2598e+01 1.3688e+01
  42.5375 1.2911e+01 1.1204e+01 1.4827e+01 1.1297e+01 1.4744e+01 1.2748e+01 1.3073e+01 1.2377e+01 1.3444e+01
  42.6750 1.2679e+01 1.1007e+01 1.4561e+01 1.1099e+01 1.4477e+01 1.2516e+01 1.2841e+01 1.2157e+01 1.3212e+01
  42.8125 1.2458e+01 1.0812e+01 1.4304e+01 1.0905e+01 1.4222e+01 1.2296e+01 1.2621e+01 1.1936e+01 1.2980e+01
  42.9500 1.2238e+01 1.0622e+01 1.4047e+01 1.0714e+01 1.3966e+01 1.2076e+01 1.2400e+01 1.1728e+01 1.2748e+01
  43.0875 1.2029e+01 1.0435e+01 1.3790e+01 1.0527e+01 1.3711e+01 1.1867e+01 1.2180e+01 1.1522e+01 1.2528e+01
  43.2250 1.1809e+01 1.0257e+01 1.3548e+01 1.0344e+01 1.3468e+01 1.1658e+01 1.1960e+01 1.1319e+01 1.2308e+01
  43.3625 1.1612e+01 1.0076e+01 1.3313e+01 1.0165e+01 1.3236e+01 1.1457e+01 1.1751e+01 1.1121e+01 1.2099e+01
  43.5000 1.1404e+01 9.9027e+00 1.3079e+01 9.9888e+00 1.3004e+01 1.1258e+01 1.1548e+01 1.0925e+01 1.1878e+01
  43.6375 1.1206e+01 9.7313e+00 1.2848e+01 9.8159e+00 1.2772e+01 1.1063e+01 1.1346e+01 1.0735e+01 1.1681e+01
  43.7750 1.1011e+01 9.5642e+00 1.2614e+01 9.6477e+00 1.2540e+01 1.0871e+01 1.1149e+01 1.0547e+01 1.1475e+01
  43.9125 1.0820e+01 9.3993e+00 1.2404e+01 9.4818e+00 1.2331e+01 1.0684e+01 1.0955e+01 1.0363e+01 1.1276e+01
  44.0500 1.0634e+01 9.2380e+00 1.2183e+01 9.3194e+00 1.2110e+01 1.0499e+01 1.0765e+01 1.0184e+01 1.1083e+01
  44.1875 1.0450e+01 9.0801e+00 1.1973e+01 9.1605e+00 1.1902e+01 1.0318e+01 1.0579e+01 1.0007e+01 1.0892e+01
  44.3250 1.0271e+01 8.9248e+00 1.1764e+01 9.0039e+00 1.1693e+01 1.0142e+01 1.0397e+01 9.8345e+00 1.0707e+01
  44.4625 1.0094e+01 8.7728e+00 1.1558e+01 8.8508e+00 1.1489e+01 9.9679e+00 1.0218e+01 9.6651e+00 1.0524e+01
  44.6000 9.9215e+00 8.6238e+00 1.1359e+01 8.7012e+00 1.1290e+01 9.7974e+00 1.0043e+01 9.4981e+00 1.0345e+01
  44.7375 9.7521e+00 8.4778e+00 1.1164e+01 8.5538e+00 1.1095e+01 9.6315e+00 9.8716e+00 9.3357e+00 1.0169e+01
  44.8750 9.5862e+00 8.3348e+00 1.0971e+01 8.4100e+00 1.0904e+01 9.4679e+00 9.7034e+00 9.1756e+00 9.9969e+00
  45.0125 9.4238e+00 8.1940e+00 1.0783e+01 8.2685e+00 1.0717e+01 9.3067e+00 9.5375e+00 9.0190e+00 9.8275e+00
  45.1500 9.2638e+00 8.0562e+00 1.0598e+01 8.1293e+00 1.0533e+01 9.1501e+00 9.3763e+00 8.8659e+00 9.6616e+00
  45.2875 9.1072e+00 7.9213e+00 1.0418e+01 7.9936e+00 1.0353e+01 8.9958e+00 9.2174e+00 8.7151e+00 9.4992e+00
  45.4250 8.9540e+00 7.7887e+00 1.0241e+01 7.8602e+00 1.0177e+01 8.8438e+00 9.0619e+00 8.5678e+00 9.3403e+00
  45.5625 8.8032e+00 7.6587e+00 1.0067e+01 7.7291e+00 1.0004e+01 8.6965e+00 8.9088e+00 8.4228e+00 9.1837e+00
  45.7000 8.6559e+00 7.5308e+00 9.8969e+00 7.6003e+00 9.8345e+00 8.5504e+00 8.7592e+00 8.2812e+00 9.0306e+00
  45.8375 8.5109e+00 7.4054e+00 9.7295e+00 7.4739e+00 9.6674e+00 8.4077e+00 8.6130e+00 8.1420e+00 8.8810e+00
  45.9750 8.3694e+00 7.2829e+00 9.5661e+00 7.3509e+00 9.5050e+00 8.2673e+00 8.4680e+00 8.0052e+00 8.7336e+00
  46.1125 8.2302e+00 7.1618e+00 9.4052e+00 7.2291e+00 9.3450e+00 8.1304e+00 8.3276e+00 7.8706e+00 8.5886e+00
  46.2500 8.0933e+00 7.0445e+00 9.2480e+00 7.1108e+00 9.1884e+00 7.9959e+00 8.1884e+00 7.7395e+00 8.4471e+00
  46.3875 7.9588e+00 6.9284e+00 9.0932e+00 6.9936e+00 9.0341e+00 7.8636e+00 8.0527e+00 7.6108e+00 8.3079e+00
  46.5250 7.8277e+00 6.8142e+00 8.9415e+00 6.8788e+00 8.8833e+00 7.7337e+00 7.9193e+00 7.4843e+00 8.1710e+00
  46.6625 7.6989e+00 6.7023e+00 8.7921e+00 6.7663e+00 8.7348e+00 7.6061e+00 7.7882e+00 7.3602e+00 8.0365e+00
  46.8000 7.5725e+00 6.5929e+00 8.6465e+00 6.6561e+00 8.5898e+00 7.4820e+00 7.6606e+00 7.2384e+00 7.9054e+00
  46.9375 7.4472e+00 6.4861e+00 8.5036e+00 6.5482e+00 8.4471e+00 7.3590e+00 7.5342e+00 7.1189e+00 7.7766e+00
  47.0750 7.3254e+00 6.3802e+00 8.3638e+00 6.4415e+00 8.3079e+00 7.2396e+00 7.4112e+00 7.0018e+00 7.6502e+00
  47.2125 7.2059e+00 6.2765e+00 8.2251e+00 6.3371e+00 8.1699e+00 7.1212e+00 7.2894e+00 6.8869e+00 7.5261e+00
  47.3500 7.0888e+00 6.1747e+00 8.0899e+00 6.2350e+00 8.0353e+00 7.0052e+00 7.1711e+00 6.7732e+00 7.4043e+00
  47.4875 6.9739e+00 6.0746e+00 7.9581e+00 6.1341e+00 7.9042e+00 6.8916e+00 7.0540e+00 6.6630e+00 7.2848e+00
  47.6250 6.8602e+00 5.9768e+00 7.8275e+00 6.0355e+00 7.7743e+00 6.7802e+00 6.9391e+00 6.5540e+00 7.1665e+00
  47.7625 6.7489e+00 5.8813e+00 7.6996e+00 5.9392e+00 7.6467e+00 6.6700e+00 6.8266e+00 6.4473e+00 7.0516e+00
  47.9000 6.6410e+00 5.7866e+00 7.5743e+00 5.8441e+00 7.5226e+00 6.5633e+00 6.7164e+00 6.3429e+00 6.9380e+00
  48.0375 6.5331e+00 5.6946e+00 7.4515e+00 5.7513e+00 7.3996e+00 6.4577e+00 6.6085e+00 6.2396e+00 6.8278e+00
  48.1750 6.4287e+00 5.6034e+00 7.3312e+00 5.6596e+00 7.2802e+00 6.3545e+00 6.5018e+00 6.1387e+00 6.7187e+00
  48.3125 6.3255e+00 5.5138e+00 7.2121e+00 5.5692e+00 7.1618e+00 6.2524e+00 6.3974e+00 6.0401e+00 6.6108e+00
  48.4500 6.2246e+00 5.4261e+00 7.0957e+00 5.4810e+00 7.0458e+00 6.1526e+00 6.2953e+00 5.9427e+00 6.5064e+00
  48.5875 6.1248e+00 5.3400e+00 6.9816e+00 5.3940e+00 6.9322e+00 6.0540e+00 6.1944e+00 5.8476e+00 6.4032e+00
  48.7250 6.0274e+00 5.2559e+00 6.8699e+00 5.3093e+00 6.8208e+00 5.9589e+00 6.0958e+00 5.7536e+00 6.3023e+00
  48.8625 5.9322e+00 5.1728e+00 6.7599e+00 5.2258e+00 6.7118e+00 5.8638e+00 5.9984e+00 5.6620e+00 6.2025e+00
  49.0000 5.8383e+00 5.0909e+00 6.6516e+00 5.1434e+00 6.6039e+00 5.7710e+00 5.9032e+00 5.5715e+00 6.1051e+00
  49.1375 5.7455e+00 5.0108e+00 6.5457e+00 5.0622e+00 6.4983e+00 5.6805e+00 5.8104e+00 5.4833e+00 6.0088e+00
  49.2750 5.6550e+00 4.9320e+00 6.4420e+00 4.9834e+00 6.3951e+00 5.5912e+00 5.7188e+00 5.3952e+00 5.9148e+00
  49.4125 5.5668e+00 4.8548e+00 6.3390e+00 4.9056e+00 6.2930e+00 5.5030e+00 5.6283e+00 5.3105e+00 5.8220e+00
  49.5500 5.4787e+00 4.7789e+00 6.2392e+00 4.8291e+00 6.1932e+00 5.4172e+00 5.5402e+00 5.2258e+00 5.7316e+00
  49.6875 5.3928e+00 4.7052e+00 6.1412e+00 4.7548e+00 6.0958e+00 5.3325e+00 5.4532e+00 5.1434e+00 5.6422e+00
  49.8250 5.3093e+00 4.6311e+00 6.0439e+00 4.6806e+00 5.9995e+00 5.2490e+00 5.3673e+00 5.0622e+00 5.5541e+00
  49.9625 5.2258e+00 4.5601e+00 5.9498e+00 4.6087e+00 5.9056e+00 5.1666e+00 5.2838e+00 4.9834e+00 5.4682e+00
  50.1000 5.1446e+00 4.4889e+00 5.8565e+00 4.5368e+00 5.8128e+00 5.0866e+00 5.2014e+00 4.9056e+00 5.3836e+00
  50.2375 5.0646e+00 4.4195e+00 5.7647e+00 4.4672e+00 5.7211e+00 5.0077e+00 5.1202e+00 4.8279e+00 5.3012e+00
  50.3750 4.9868e+00 4.3512e+00 5.6748e+00 4.3987e+00 5.6318e+00 4.9300e+00 5.0414e+00 4.7525e+00 5.2200e+00
  50.5125 4.9091e+00 4.2851e+00 5.5864e+00 4.3314e+00 5.5436e+00 4.8546e+00 4.9625e+00 4.6794e+00 5.1400e+00
  50.6500 4.8337e+00 4.2192e+00 5.5000e+00 4.2653e+00 5.4578e+00 4.7804e+00 4.8859e+00 4.6064e+00 5.0611e+00
  50.7875 4.7595e+00 4.1544e+00 5.4147e+00 4.2004e+00 5.3731e+00 4.7061e+00 4.8105e+00 4.5344e+00 4.9834e+00
  50.9250 4.6864e+00 4.0902e+00 5.3310e+00 4.1354e+00 5.2896e+00 4.6342e+00 4.7374e+00 4.4648e+00 4.9080e+00
  51.0625 4.6145e+00 4.0283e+00 5.2481e+00 4.0728e+00 5.2072e+00 4.5634e+00 4.6644e+00 4.3964e+00 4.8326e+00
  51.2000 4.5437e+00 3.9671e+00 5.1677e+00 4.0113e+00 5.1272e+00 4.4938e+00 4.5924e+00 4.3280e+00 4.7595e+00
  51.3375 4.4741e+00 3.9074e+00 5.0886e+00 3.9510e+00 5.0483e+00 4.4254e+00 4.5228e+00 4.2618e+00 4.6876e+00
  51.4750 4.4068e+00 3.8474e+00 5.0103e+00 3.8906e+00 4.9706e+00 4.3581e+00 4.4544e+00 4.1969e+00 4.6168e+00
  51.6125 4.3396e+00 3.7897e+00 4.9335e+00 3.8326e+00 4.8940e+00 4.2920e+00 4.3860e+00 4.1319e+00 4.5472e+00
  51.7500 4.2734e+00 3.7325e+00 4.8589e+00 3.7746e+00 4.8198e+00 4.2270e+00 4.3198e+00 4.0693e+00 4.4788e+00
  51.8875 4.2096e+00 3.6755e+00 4.7851e+00 3.7178e+00 4.7467e+00 4.1632e+00 4.2537e+00 4.0066e+00 4.4115e+00
  52.0250 4.1458e+00 3.6206e+00 4.7118e+00 3.6621e+00 4.6736e+00 4.1006e+00 4.1899e+00 3.9463e+00 4.3454e+00
  52.1625 4.0832e+00 3.5665e+00 4.6407e+00 3.6076e+00 4.6029e+00 4.0391e+00 4.1261e+00 3.8860e+00 4.2804e+00
  52.3000 4.0217e+00 3.5139e+00 4.5708e+00 3.5542e+00 4.5333e+00 3.9788e+00 4.0646e+00 3.8280e+00 4.2166e+00
  52.4375 3.9614e+00 3.4608e+00 4.5020e+00 3.5009e+00 4.4648e+00 3.9185e+00 4.0032e+00 3.7700e+00 4.1540e+00
  52.5750 3.9022e+00 3.4091e+00 4.4345e+00 3.4487e+00 4.3976e+00 3.8605e+00 3.9440e+00 3.7132e+00 4.0925e+00
  52.7125 3.8442e+00 3.3584e+00 4.3665e+00 3.3976e+00 4.3303e+00 3.8025e+00 3.8848e+00 3.6575e+00 4.0310e+00
  52.8500 3.7874e+00 3.3085e+00 4.3012e+00 3.3478e+00 4.2653e+00 3.7468e+00 3.8268e+00 3.6018e+00 3.9718e+00
  52.9875 3.7306e+00 3.2595e+00 4.2370e+00 3.2979e+00 4.2015e+00 3.6911e+00 3.7700e+00 3.5484e+00 3.9127e+00
  53.1250 3.6749e+00 3.2122e+00 4.1745e+00 3.2503e+00 4.1389e+00 3.6366e+00 3.7143e+00 3.4951e+00 3.8558e+00
  53.2625 3.6204e+00 3.1639e+00 4.1126e+00 3.2016e+00 4.0774e+00 3.5821e+00 3.6586e+00 3.4429e+00 3.7990e+00
  53.4000 3.5670e+00 3.1180e+00 4.0508e+00 3.1552e+00 4.0159e+00 3.5299e+00 3.6053e+00 3.3918e+00 3.7433e+00
  53.5375 3.5148e+00 3.0715e+00 3.9912e+00 3.1088e+00 3.9568e+00 3.4777e+00 3.5519e+00 3.3408e+00 3.6888e+00
  53.6750 3.4638e+00 3.0267e+00 3.9313e+00 3.0636e+00 3.8976e+00 3.4266e+00 3.4997e+00 3.2921e+00 3.6343e+00
  53.8125 3.4127e+00 2.9831e+00 3.8733e+00 3.0195e+00 3.8396e+00 3.3768e+00 3.4475e+00 3.2434e+00 3.5821e+00
  53.9500 3.3628e+00 2.9389e+00 3.8172e+00 2.9754e+00 3.7839e+00 3.3269e+00 3.3976e+00 3.1946e+00 3.5299e+00
  54.0875 3.3130e+00 2.8958e+00 3.7604e+00 2.9313e+00 3.7271e+00 3.2782e+00 3.3478e+00 3.1482e+00 3.4788e+00
  54.2250 3.2654e+00 2.8540e+00 3.7050e+00 2.8896e+00 3.6726e+00 3.2306e+00 3.2990e+00 3.1018e+00 3.4278e+00
  54.3625 3.2178e+00 2.8128e+00 3.6516e+00 2.8478e+00 3.6192e+00 3.1842e+00 3.2503e+00 3.0566e+00 3.3791e+00
  54.5000 3.1703e+00 2.7726e+00 3.5982e+00 2.8072e+00 3.5658e+00 3.1378e+00 3.2028e+00 3.0114e+00 3.3304e+00
  54.6375 3.1250e+00 2.7321e+00 3.5456e+00 2.7666e+00 3.5136e+00 3.0926e+00 3.1564e+00 2.9673e+00 3.2828e+00
  54.7750 3.0798e+00 2.6920e+00 3.4941e+00 2.7260e+00 3.4626e+00 3.0473e+00 3.1111e+00 2.9244e+00 3.2352e+00
  54.9125 3.0357e+00 2.6537e+00 3.4427e+00 2.6877e+00 3.4116e+00 3.0032e+00 3.0659e+00 2.8814e+00 3.1888e+00
  55.0500 2.9916e+00 2.6159e+00 3.3939e+00 2.6494e+00 3.3628e+00 2.9603e+00 3.0218e+00 2.8397e+00 3.1436e+00
  55.1875 2.9487e+00 2.5777e+00 3.3447e+00 2.6112e+00 3.3141e+00 2.9174e+00 2.9789e+00 2.7979e+00 3.0984e+00
  55.3250 2.9058e+00 2.5411e+00 3.2960e+00 2.5740e+00 3.2654e+00 2.8756e+00 2.9360e+00 2.7573e+00 3.0543e+00
  55.4625 2.8652e+00 2.5041e+00 3.2490e+00 2.5369e+00 3.2190e+00 2.8350e+00 2.8930e+00 2.7179e+00 3.0114e+00
  55.6000 2.8234e+00 2.4687e+00 3.2026e+00 2.5010e+00 3.1726e+00 2.7944e+00 2.8524e+00 2.6784e+00 2.9684e+00
  55.7375 2.7840e+00 2.4339e+00 3.1558e+00 2.4662e+00 3.1262e+00 2.7550e+00 2.8118e+00 2.6402e+00 2.9267e+00
  55.8750 2.7434e+00 2.3996e+00 3.1115e+00 2.4314e+00 3.0821e+00 2.7156e+00 2.7712e+00 2.6019e+00 2.8849e+00
  56.0125 2.7051e+00 2.3650e+00 3.0670e+00 2.3966e+00 3.0380e+00 2.6773e+00 2.7318e+00 2.5648e+00 2.8443e+00
  56.1500 2.6668e+00 2.3319e+00 3.0229e+00 2.3629e+00 2.9940e+00 2.6390e+00 2.6935e+00 2.5288e+00 2.8049e+00
  56.2875 2.6286e+00 2.2994e+00 2.9799e+00 2.3304e+00 2.9510e+00 2.6019e+00 2.6552e+00 2.4917e+00 2.7654e+00
  56.4250 2.5914e+00 2.2675e+00 2.9381e+00 2.2980e+00 2.9093e+00 2.5648e+00 2.6181e+00 2.4569e+00 2.7272e+00
  56.5625 2.5555e+00 2.2352e+00 2.8958e+00 2.2655e+00 2.8675e+00 2.5288e+00 2.5810e+00 2.4221e+00 2.6889e+00
  56.7000 2.5195e+00 2.2040e+00 2.8550e+00 2.2342e+00 2.8269e+00 2.4940e+00 2.5439e+00 2.3873e+00 2.6518e+00
  56.8375 2.4836e+00 2.1733e+00 2.8155e+00 2.2028e+00 2.7875e+00 2.4592e+00 2.5091e+00 2.3536e+00 2.6146e+00
  56.9750 2.4488e+00 2.1421e+00 2.7755e+00 2.1715e+00 2.7480e+00 2.4244e+00 2.4731e+00 2.3200e+00 2.5775e+00
  57.1125 2.4151e+00 2.1121e+00 2.7370e+00 2.1414e+00 2.7098e+00 2.3908e+00 2.4383e+00 2.2875e+00 2.5427e+00
  57.2500 2.3815e+00 2.0831e+00 2.6982e+00 2.1124e+00 2.6715e+00 2.3571e+00 2.4047e+00 2.2550e+00 2.5068e+00
  57.3875 2.3478e+00 2.0548e+00 2.6614e+00 2.0834e+00 2.6344e+00 2.3246e+00 2.3710e+00 2.2237e+00 2.4731e+00
  57.5250 2.3154e+00 2.0259e+00 2.6238e+00 2.0544e+00 2.5972e+00 2.2922e+00 2.3386e+00 2.1924e+00 2.4383e+00
  57.6625 2.2829e+00 1.9976e+00 2.5866e+00 2.0254e+00 2.5601e+00 2.2608e+00 2.3061e+00 2.1622e+00 2.4047e+00
  57.8000 2.2516e+00 1.9700e+00 2.5515e+00 1.9975e+00 2.5253e+00 2.2295e+00 2.2736e+00 2.1321e+00 2.3722e+00
  57.9375 2.2202e+00 1.9433e+00 2.5155e+00 1.9708e+00 2.4894e+00 2.1982e+00 2.2423e+00 2.1019e+00 2.3397e+00
  58.0750 2.1901e+00 1.9168e+00 2.4812e+00 1.9442e+00 2.4557e+00 2.1680e+00 2.2121e+00 2.0729e+00 2.3072e+00
  58.2125 2.1599e+00 1.8903e+00 2.4463e+00 1.9175e+00 2.4209e+00 2.1390e+00 2.1808e+00 2.0439e+00 2.2759e+00
  58.3500 2.1309e+00 1.8633e+00 2.4125e+00 1.8908e+00 2.3873e+00 2.1089e+00 2.1506e+00 2.0149e+00 2.2458e+00
  58.4875 2.1008e+00 1.8384e+00 2.3799e+00 1.8653e+00 2.3548e+00 2.0799e+00 2.1216e+00 1.9871e+00 2.2144e+00
  58.6250 2.0729e+00 1.8132e+00 2.3472e+00 1.8398e+00 2.3223e+00 2.0520e+00 2.0926e+00 1.9604e+00 2.1854e+00
  58.7625 2.0439e+00 1.7889e+00 2.3146e+00 1.8154e+00 2.2898e+00 2.0242e+00 2.0636e+00 1.9326e+00 2.1553e+00
  58.9000 2.0161e+00 1.7637e+00 2.2831e+00 1.7899e+00 2.2585e+00 1.9964e+00 2.0358e+00 1.9059e+00 2.1263e+00
  59.0375 1.9894e+00 1.7406e+00 2.2512e+00 1.7667e+00 2.2272e+00 1.9697e+00 2.0080e+00 1.8804e+00 2.0973e+00
  59.1750 1.9616e+00 1.7170e+00 2.2213e+00 1.7423e+00 2.1970e+00 1.9430e+00 1.9813e+00 1.8548e+00 2.0694e+00
  59.3125 1.9349e+00 1.6940e+00 2.1909e+00 1.7191e+00 2.1669e+00 1.9163e+00 1.9534e+00 1.8293e+00 2.0416e+00
  59.4500 1.9094e+00 1.6705e+00 2.1613e+00 1.6959e+00 2.1379e+00 1.8908e+00 1.9279e+00 1.8038e+00 2.0138e+00
  59.5875 1.8838e+00 1.6476e+00 2.1320e+00 1.6727e+00 2.1089e+00 1.8653e+00 1.9012e+00 1.7794e+00 1.9871e+00
  59.7250 1.8583e+00 1.6257e+00 2.1029e+00 1.6507e+00 2.0799e+00 1.8398e+00 1.8757e+00 1.7551e+00 1.9604e+00
  59.8625 1.8328e+00 1.6039e+00 2.0753e+00 1.6286e+00 2.0520e+00 1.8154e+00 1.8502e+00 1.7307e+00 1.9349e+00
  60.0000 1.8084e+00 1.5821e+00 2.0473e+00 1.6066e+00 2.0242e+00 1.7910e+00 1.8258e+00 1.7075e+00 1.9094e+00
