0.1 1.03279
0.3 1.03582
0.5 1.0358
0.7 1.04625
0.9 1.05142
1.1 1.06253
1.3 1.07147
1.5 1.0826
1.7 1.09291
1.9 1.10176
2.1 1.10301
2.3 1.11468
2.5 1.11177
2.7 1.11635
2.9 1.11548
3.1 1.10797
3.3 1.10006
3.5 1.09255
3.7 1.07918
3.9 1.05477
4.1 1.04286
4.3 1.01356
4.5 0.99646
4.7 0.97526
4.9 0.95152
5.1 0.92712
5.3 0.89618
5.5 0.87307
5.7 0.85345
5.9 0.82401
6.1 0.80597
6.3 0.78298
6.5 0.76126
6.7 0.74049
6.9 0.72271
7.1 0.70775
7.3 0.68512
7.5 0.66479
7.7 0.66453
7.9 0.65115
8.1 0.63062
8.3 0.61612
8.5 0.61369
8.7 0.59921
8.9 0.58913
9.1 0.57919
9.3 0.56829
9.5 0.56132
9.7 0.55855
9.9 0.54612
10.1 0.54473
10.3 0.54174
10.5 0.52647
10.7 0.53108
10.9 0.52389
11.1 0.52707
11.3 0.52233
11.5 0.5184
11.7 0.50895
11.9 0.50891
12.1 0.50707
12.3 0.51461
12.5 0.4985
12.7 0.50308
12.9 0.49924
13.1 0.49849
13.3 0.49906
13.5 0.4966
13.7 0.48724
13.9 0.50105
14.1 0.48771
14.3 0.48967
14.5 0.48336
14.7 0.4937
14.9 0.49182
15.1 0.49329
15.3 0.48335
15.5 0.48738
15.7 0.4969
15.9 0.49273
16.1 0.49142
16.3 0.48733
16.5 0.49034
16.7 0.48587
16.9 0.4929
17.1 0.49093
17.3 0.49061
17.5 0.49929
17.7 0.49749
17.9 0.4899
18.1 0.49852
18.3 0.5124
18.5 0.49536
18.7 0.49819
18.9 0.50024
19.1 0.49478
19.3 0.50842
19.5 0.51296
19.7 0.4994
19.9 0.49473
20.1 0.51147
20.3 0.51449
20.5 0.51272
20.7 0.5098
20.9 0.51251
21.1 0.515
21.3 0.52649
21.5 0.51764
21.7 0.5174
21.9 0.50541
22.1 0.51442
22.3 0.50835
22.5 0.52557
22.7 0.50851
22.9 0.506
23.1 0.52818
23.3 0.50383
23.5 0.50643
23.7 0.50217
23.9 0.52629
24.1 0.51464
24.3 0.51496
24.5 0.51013
24.7 0.5007
24.9 0.51801
25.1 0.5122
25.3 0.52186
25.5 0.51978
25.7 0.50646
25.9 0.51197
26.1 0.4974
26.3 0.50383
26.5 0.50967
26.7 0.50134
26.9 0.49796
27.1 0.49472
27.3 0.50241
27.5 0.51241
27.7 0.49231
27.9 0.48509
28.1 0.52142
28.3 0.52209
28.5 0.4933
28.7 0.48565
28.9 0.48517
29.1 0.50998
29.3 0.50482
29.5 0.51007
29.7 0.50561
29.9 0.49214